-1800,0
-1799,0.000917
-1798,0.001834
-1797,0.002751
-1796,0.003668
-1795,0.004585
-1794,0.005502
-1793,0.006419
-1792,0.007336
-1791,0.008253
-1790,0.00917
-1789,0.010087
-1788,0.011004
-1787,0.011921
-1786,0.012838
-1785,0.013755
-1784,0.014672
-1783,0.015589
-1782,0.016506
-1781,0.017423
-1780,0.01834
-1779,0.019257
-1778,0.020174
-1777,0.021091
-1776,0.022008
-1775,0.022925
-1774,0.023842
-1773,0.024759
-1772,0.025676
-1771,0.026593
-1770,0.02751
-1769,0.028427
-1768,0.029344
-1767,0.030261
-1766,0.031178
-1765,0.032095
-1764,0.033012
-1763,0.033929
-1762,0.034846
-1761,0.035763
-1760,0.03668
-1759,0.037597
-1758,0.038514
-1757,0.039431
-1756,0.040348
-1755,0.041265
-1754,0.042182
-1753,0.043099
-1752,0.044016
-1751,0.044933
-1750,0.04585
-1749,0.046767
-1748,0.047684
-1747,0.048601
-1746,0.049518
-1745,0.050435
-1744,0.051352
-1743,0.052269
-1742,0.053186
-1741,0.054103
-1740,0.05502
-1739,0.055937
-1738,0.056854
-1737,0.057771
-1736,0.058688
-1735,0.059605
-1734,0.060522
-1733,0.061439
-1732,0.062356
-1731,0.063273
-1730,0.06419
-1729,0.065107
-1728,0.066024
-1727,0.066941
-1726,0.067858
-1725,0.068775
-1724,0.069692
-1723,0.070609
-1722,0.071526
-1721,0.072443
-1720,0.07336
-1719,0.074277
-1718,0.075194
-1717,0.076111
-1716,0.077028
-1715,0.077945
-1714,0.078862
-1713,0.079779
-1712,0.080696
-1711,0.081613
-1710,0.08253
-1709,0.083447
-1708,0.084364
-1707,0.085281
-1706,0.086198
-1705,0.087115
-1704,0.088032
-1703,0.088949
-1702,0.089866
-1701,0.090783
-1700,0.0917
-1699,0.092617
-1698,0.093534
-1697,0.094451
-1696,0.095368
-1695,0.096285
-1694,0.097202
-1693,0.098119
-1692,0.099036
-1691,0.099953
-1690,0.10087
-1689,0.101787
-1688,0.102704
-1687,0.103621
-1686,0.104538
-1685,0.105455
-1684,0.106372
-1683,0.107289
-1682,0.108206
-1681,0.109123
-1680,0.11004
-1679,0.110957
-1678,0.111874
-1677,0.112791
-1676,0.113708
-1675,0.114625
-1674,0.115542
-1673,0.116459
-1672,0.117376
-1671,0.118293
-1670,0.11921
-1669,0.120127
-1668,0.121044
-1667,0.121961
-1666,0.122878
-1665,0.123795
-1664,0.124712
-1663,0.125629
-1662,0.126546
-1661,0.127463
-1660,0.12838
-1659,0.129297
-1658,0.130214
-1657,0.131131
-1656,0.132048
-1655,0.132965
-1654,0.133882
-1653,0.134799
-1652,0.135716
-1651,0.136633
-1650,0.13755
-1649,0.138467
-1648,0.139384
-1647,0.140301
-1646,0.141218
-1645,0.142135
-1644,0.143052
-1643,0.143969
-1642,0.144886
-1641,0.145803
-1640,0.14672
-1639,0.147637
-1638,0.148554
-1637,0.149471
-1636,0.150388
-1635,0.151305
-1634,0.152222
-1633,0.153139
-1632,0.154056
-1631,0.154973
-1630,0.15589
-1629,0.156807
-1628,0.157724
-1627,0.158641
-1626,0.159558
-1625,0.160475
-1624,0.161392
-1623,0.162309
-1622,0.163226
-1621,0.164143
-1620,0.16506
-1619,0.165977
-1618,0.166894
-1617,0.167811
-1616,0.168728
-1615,0.169645
-1614,0.170562
-1613,0.171479
-1612,0.172396
-1611,0.173313
-1610,0.17423
-1609,0.175147
-1608,0.176064
-1607,0.176981
-1606,0.177898
-1605,0.178815
-1604,0.179732
-1603,0.180649
-1602,0.181566
-1601,0.182483
-1600,0.1834
-1599,0.184317
-1598,0.185234
-1597,0.186151
-1596,0.187068
-1595,0.187985
-1594,0.188902
-1593,0.189819
-1592,0.190736
-1591,0.191653
-1590,0.19257
-1589,0.193487
-1588,0.194404
-1587,0.195321
-1586,0.196238
-1585,0.197155
-1584,0.198072
-1583,0.198989
-1582,0.199906
-1581,0.200823
-1580,0.20174
-1579,0.202657
-1578,0.203574
-1577,0.204491
-1576,0.205408
-1575,0.206325
-1574,0.207242
-1573,0.208159
-1572,0.209076
-1571,0.209993
-1570,0.21091
-1569,0.211827
-1568,0.212744
-1567,0.213661
-1566,0.214578
-1565,0.215495
-1564,0.216412
-1563,0.217329
-1562,0.218246
-1561,0.219163
-1560,0.22008
-1559,0.220997
-1558,0.221914
-1557,0.222831
-1556,0.223748
-1555,0.224665
-1554,0.225582
-1553,0.226499
-1552,0.227416
-1551,0.228333
-1550,0.22925
-1549,0.230167
-1548,0.231084
-1547,0.232001
-1546,0.232918
-1545,0.233835
-1544,0.234752
-1543,0.235669
-1542,0.236586
-1541,0.237503
-1540,0.23842
-1539,0.239337
-1538,0.240254
-1537,0.241171
-1536,0.242088
-1535,0.243005
-1534,0.243922
-1533,0.244839
-1532,0.245756
-1531,0.246673
-1530,0.24759
-1529,0.248507
-1528,0.249424
-1527,0.250341
-1526,0.251258
-1525,0.252175
-1524,0.253092
-1523,0.254009
-1522,0.254926
-1521,0.255843
-1520,0.25676
-1519,0.257677
-1518,0.258594
-1517,0.259511
-1516,0.260428
-1515,0.261345
-1514,0.262262
-1513,0.263179
-1512,0.264096
-1511,0.265013
-1510,0.26593
-1509,0.266847
-1508,0.267764
-1507,0.268681
-1506,0.269598
-1505,0.270515
-1504,0.271432
-1503,0.272349
-1502,0.273266
-1501,0.274183
-1500,0.2751
-1499,0.276017
-1498,0.276934
-1497,0.277851
-1496,0.278768
-1495,0.279685
-1494,0.280602
-1493,0.281519
-1492,0.282436
-1491,0.283353
-1490,0.28427
-1489,0.285187
-1488,0.286104
-1487,0.287021
-1486,0.287938
-1485,0.288855
-1484,0.289772
-1483,0.290689
-1482,0.291606
-1481,0.292523
-1480,0.29344
-1479,0.294357
-1478,0.295274
-1477,0.296191
-1476,0.297108
-1475,0.298025
-1474,0.298942
-1473,0.299859
-1472,0.300776
-1471,0.301693
-1470,0.30261
-1469,0.303527
-1468,0.304444
-1467,0.305361
-1466,0.306278
-1465,0.307195
-1464,0.308112
-1463,0.309029
-1462,0.309946
-1461,0.310863
-1460,0.31178
-1459,0.312697
-1458,0.313614
-1457,0.314531
-1456,0.315448
-1455,0.316365
-1454,0.317282
-1453,0.318199
-1452,0.319116
-1451,0.320033
-1450,0.32095
-1449,0.321867
-1448,0.322784
-1447,0.323701
-1446,0.324618
-1445,0.325535
-1444,0.326452
-1443,0.327369
-1442,0.328286
-1441,0.329203
-1440,0.33012
-1439,0.331037
-1438,0.331954
-1437,0.332871
-1436,0.333788
-1435,0.334705
-1434,0.335622
-1433,0.336539
-1432,0.337456
-1431,0.338373
-1430,0.33929
-1429,0.340207
-1428,0.341124
-1427,0.342041
-1426,0.342958
-1425,0.343875
-1424,0.344792
-1423,0.345709
-1422,0.346626
-1421,0.347543
-1420,0.34846
-1419,0.349377
-1418,0.350294
-1417,0.351211
-1416,0.352128
-1415,0.353045
-1414,0.353962
-1413,0.354879
-1412,0.355796
-1411,0.356713
-1410,0.35763
-1409,0.358547
-1408,0.359464
-1407,0.360381
-1406,0.361298
-1405,0.362215
-1404,0.363132
-1403,0.364049
-1402,0.364966
-1401,0.365883
-1400,0.3668
-1399,0.367717
-1398,0.368634
-1397,0.369551
-1396,0.370468
-1395,0.371385
-1394,0.372302
-1393,0.373219
-1392,0.374136
-1391,0.375053
-1390,0.37597
-1389,0.376887
-1388,0.377804
-1387,0.378721
-1386,0.379638
-1385,0.380555
-1384,0.381472
-1383,0.382389
-1382,0.383306
-1381,0.384223
-1380,0.38514
-1379,0.386057
-1378,0.386974
-1377,0.387891
-1376,0.388808
-1375,0.389725
-1374,0.390642
-1373,0.391559
-1372,0.392476
-1371,0.393393
-1370,0.39431
-1369,0.395227
-1368,0.396144
-1367,0.397061
-1366,0.397978
-1365,0.398895
-1364,0.399812
-1363,0.400729
-1362,0.401646
-1361,0.402563
-1360,0.40348
-1359,0.404397
-1358,0.405314
-1357,0.406231
-1356,0.407148
-1355,0.408065
-1354,0.408982
-1353,0.409899
-1352,0.410816
-1351,0.411733
-1350,0.41265
-1349,0.413567
-1348,0.414484
-1347,0.415401
-1346,0.416318
-1345,0.417235
-1344,0.418152
-1343,0.419069
-1342,0.419986
-1341,0.420903
-1340,0.42182
-1339,0.422737
-1338,0.423654
-1337,0.424571
-1336,0.425488
-1335,0.426405
-1334,0.427322
-1333,0.428239
-1332,0.429156
-1331,0.430073
-1330,0.43099
-1329,0.431907
-1328,0.432824
-1327,0.433741
-1326,0.434658
-1325,0.435575
-1324,0.436492
-1323,0.437409
-1322,0.438326
-1321,0.439243
-1320,0.44016
-1319,0.441077
-1318,0.441994
-1317,0.442911
-1316,0.443828
-1315,0.444745
-1314,0.445662
-1313,0.446579
-1312,0.447496
-1311,0.448413
-1310,0.44933
-1309,0.450247
-1308,0.451164
-1307,0.452081
-1306,0.452998
-1305,0.453915
-1304,0.454832
-1303,0.455749
-1302,0.456666
-1301,0.457583
-1300,0.4585
-1299,0.459417
-1298,0.460334
-1297,0.461251
-1296,0.462168
-1295,0.463085
-1294,0.464002
-1293,0.464919
-1292,0.465836
-1291,0.466753
-1290,0.46767
-1289,0.468587
-1288,0.469504
-1287,0.470421
-1286,0.471338
-1285,0.472255
-1284,0.473172
-1283,0.474089
-1282,0.475006
-1281,0.475923
-1280,0.47684
-1279,0.477757
-1278,0.478674
-1277,0.479591
-1276,0.480508
-1275,0.481425
-1274,0.482342
-1273,0.483259
-1272,0.484176
-1271,0.485093
-1270,0.48601
-1269,0.486927
-1268,0.487844
-1267,0.488761
-1266,0.489678
-1265,0.490595
-1264,0.491512
-1263,0.492429
-1262,0.493346
-1261,0.494263
-1260,0.49518
-1259,0.496097
-1258,0.497014
-1257,0.497931
-1256,0.498848
-1255,0.499765
-1254,0.500682
-1253,0.501599
-1252,0.502516
-1251,0.503433
-1250,0.50435
-1249,0.505267
-1248,0.506184
-1247,0.507101
-1246,0.508018
-1245,0.508935
-1244,0.509852
-1243,0.510769
-1242,0.511686
-1241,0.512603
-1240,0.51352
-1239,0.514437
-1238,0.515354
-1237,0.516271
-1236,0.517188
-1235,0.518105
-1234,0.519022
-1233,0.519939
-1232,0.520856
-1231,0.521773
-1230,0.52269
-1229,0.523607
-1228,0.524524
-1227,0.525441
-1226,0.526358
-1225,0.527275
-1224,0.528192
-1223,0.529109
-1222,0.530026
-1221,0.530943
-1220,0.53186
-1219,0.532777
-1218,0.533694
-1217,0.534611
-1216,0.535528
-1215,0.536445
-1214,0.537362
-1213,0.538279
-1212,0.539196
-1211,0.540113
-1210,0.54103
-1209,0.541947
-1208,0.542864
-1207,0.543781
-1206,0.544698
-1205,0.545615
-1204,0.546532
-1203,0.547449
-1202,0.548366
-1201,0.549283
-1200,0.5502
-1199,0.551117
-1198,0.552034
-1197,0.552951
-1196,0.553868
-1195,0.554785
-1194,0.555702
-1193,0.556619
-1192,0.557536
-1191,0.558453
-1190,0.55937
-1189,0.560287
-1188,0.561204
-1187,0.562121
-1186,0.563038
-1185,0.563955
-1184,0.564872
-1183,0.565789
-1182,0.566706
-1181,0.567623
-1180,0.56854
-1179,0.569457
-1178,0.570374
-1177,0.571291
-1176,0.572208
-1175,0.573125
-1174,0.574042
-1173,0.574959
-1172,0.575876
-1171,0.576793
-1170,0.57771
-1169,0.578627
-1168,0.579544
-1167,0.580461
-1166,0.581378
-1165,0.582295
-1164,0.583212
-1163,0.584129
-1162,0.585046
-1161,0.585963
-1160,0.58688
-1159,0.587797
-1158,0.588714
-1157,0.589631
-1156,0.590548
-1155,0.591465
-1154,0.592382
-1153,0.593299
-1152,0.594216
-1151,0.595133
-1150,0.59605
-1149,0.596967
-1148,0.597884
-1147,0.598801
-1146,0.599718
-1145,0.600635
-1144,0.601552
-1143,0.602469
-1142,0.603386
-1141,0.604303
-1140,0.60522
-1139,0.606137
-1138,0.607054
-1137,0.607971
-1136,0.608888
-1135,0.609805
-1134,0.610722
-1133,0.611639
-1132,0.612556
-1131,0.613473
-1130,0.61439
-1129,0.615307
-1128,0.616224
-1127,0.617141
-1126,0.618058
-1125,0.618975
-1124,0.619892
-1123,0.620809
-1122,0.621726
-1121,0.622643
-1120,0.62356
-1119,0.624477
-1118,0.625394
-1117,0.626311
-1116,0.627228
-1115,0.628145
-1114,0.629062
-1113,0.629979
-1112,0.630896
-1111,0.631813
-1110,0.63273
-1109,0.633647
-1108,0.634564
-1107,0.635481
-1106,0.636398
-1105,0.637315
-1104,0.638232
-1103,0.639149
-1102,0.640066
-1101,0.640983
-1100,0.6419
-1099,0.642817
-1098,0.643734
-1097,0.644651
-1096,0.645568
-1095,0.646485
-1094,0.647402
-1093,0.648319
-1092,0.649236
-1091,0.650153
-1090,0.65107
-1089,0.651987
-1088,0.652904
-1087,0.653821
-1086,0.654738
-1085,0.655655
-1084,0.656572
-1083,0.657489
-1082,0.658406
-1081,0.659323
-1080,0.66024
-1079,0.661157
-1078,0.662074
-1077,0.662991
-1076,0.663908
-1075,0.664825
-1074,0.665742
-1073,0.666659
-1072,0.667576
-1071,0.668493
-1070,0.66941
-1069,0.670327
-1068,0.671244
-1067,0.672161
-1066,0.673078
-1065,0.673995
-1064,0.674912
-1063,0.675829
-1062,0.676746
-1061,0.677663
-1060,0.67858
-1059,0.679497
-1058,0.680414
-1057,0.681331
-1056,0.682248
-1055,0.683165
-1054,0.684082
-1053,0.684999
-1052,0.685916
-1051,0.686833
-1050,0.68775
-1049,0.688667
-1048,0.689584
-1047,0.690501
-1046,0.691418
-1045,0.692335
-1044,0.693252
-1043,0.694169
-1042,0.695086
-1041,0.696003
-1040,0.69692
-1039,0.697837
-1038,0.698754
-1037,0.699671
-1036,0.700588
-1035,0.701505
-1034,0.702422
-1033,0.703339
-1032,0.704256
-1031,0.705173
-1030,0.70609
-1029,0.707007
-1028,0.707924
-1027,0.708841
-1026,0.709758
-1025,0.710675
-1024,0.711592
-1023,0.712509
-1022,0.713426
-1021,0.714343
-1020,0.71526
-1019,0.716177
-1018,0.717094
-1017,0.718011
-1016,0.718928
-1015,0.719845
-1014,0.720762
-1013,0.721679
-1012,0.722596
-1011,0.723513
-1010,0.72443
-1009,0.725347
-1008,0.726264
-1007,0.727181
-1006,0.728098
-1005,0.729015
-1004,0.729932
-1003,0.730849
-1002,0.731766
-1001,0.732683
-1000,0.7336
-999,0.734517
-998,0.735434
-997,0.736351
-996,0.737268
-995,0.738185
-994,0.739102
-993,0.740019
-992,0.740936
-991,0.741853
-990,0.74277
-989,0.743687
-988,0.744604
-987,0.745521
-986,0.746438
-985,0.747355
-984,0.748272
-983,0.749189
-982,0.750106
-981,0.751023
-980,0.75194
-979,0.752857
-978,0.753774
-977,0.754691
-976,0.755608
-975,0.756525
-974,0.757442
-973,0.758359
-972,0.759276
-971,0.760193
-970,0.76111
-969,0.762027
-968,0.762944
-967,0.763861
-966,0.764778
-965,0.765695
-964,0.766612
-963,0.767529
-962,0.768446
-961,0.769363
-960,0.77028
-959,0.771197
-958,0.772114
-957,0.773031
-956,0.773948
-955,0.774865
-954,0.775782
-953,0.776699
-952,0.777616
-951,0.778533
-950,0.77945
-949,0.780367
-948,0.781284
-947,0.782201
-946,0.783118
-945,0.784035
-944,0.784952
-943,0.785869
-942,0.786786
-941,0.787703
-940,0.78862
-939,0.789537
-938,0.790454
-937,0.791371
-936,0.792288
-935,0.793205
-934,0.794122
-933,0.795039
-932,0.795956
-931,0.796873
-930,0.79779
-929,0.798707
-928,0.799624
-927,0.800541
-926,0.801458
-925,0.802375
-924,0.803292
-923,0.804209
-922,0.805126
-921,0.806043
-920,0.80696
-919,0.807877
-918,0.808794
-917,0.809711
-916,0.810628
-915,0.811545
-914,0.812462
-913,0.813379
-912,0.814296
-911,0.815213
-910,0.81613
-909,0.817047
-908,0.817964
-907,0.818881
-906,0.819798
-905,0.820715
-904,0.821632
-903,0.822549
-902,0.823466
-901,0.824383
-900,0.8253
-899,0.826217
-898,0.827134
-897,0.828051
-896,0.828968
-895,0.829885
-894,0.830802
-893,0.831719
-892,0.832636
-891,0.833553
-890,0.83447
-889,0.835387
-888,0.836304
-887,0.837221
-886,0.838138
-885,0.839055
-884,0.839972
-883,0.840889
-882,0.841806
-881,0.842723
-880,0.84364
-879,0.844557
-878,0.845474
-877,0.846391
-876,0.847308
-875,0.848225
-874,0.849142
-873,0.850059
-872,0.850976
-871,0.851893
-870,0.85281
-869,0.853727
-868,0.854644
-867,0.855561
-866,0.856478
-865,0.857395
-864,0.858312
-863,0.859229
-862,0.860146
-861,0.861063
-860,0.86198
-859,0.862897
-858,0.863814
-857,0.864731
-856,0.865648
-855,0.866565
-854,0.867482
-853,0.868399
-852,0.869316
-851,0.870233
-850,0.87115
-849,0.872067
-848,0.872984
-847,0.873901
-846,0.874818
-845,0.875735
-844,0.876652
-843,0.877569
-842,0.878486
-841,0.879403
-840,0.88032
-839,0.881237
-838,0.882154
-837,0.883071
-836,0.883988
-835,0.884905
-834,0.885822
-833,0.886739
-832,0.887656
-831,0.888573
-830,0.88949
-829,0.890407
-828,0.891324
-827,0.892241
-826,0.893158
-825,0.894075
-824,0.894992
-823,0.895909
-822,0.896826
-821,0.897743
-820,0.89866
-819,0.899577
-818,0.900494
-817,0.901411
-816,0.902328
-815,0.903245
-814,0.904162
-813,0.905079
-812,0.905996
-811,0.906913
-810,0.90783
-809,0.908747
-808,0.909664
-807,0.910581
-806,0.911498
-805,0.912415
-804,0.913332
-803,0.914249
-802,0.915166
-801,0.916083
-800,0.917
-799,0.917917
-798,0.918834
-797,0.919751
-796,0.920668
-795,0.921585
-794,0.922502
-793,0.923419
-792,0.924336
-791,0.925253
-790,0.92617
-789,0.927087
-788,0.928004
-787,0.928921
-786,0.929838
-785,0.930755
-784,0.931672
-783,0.932589
-782,0.933506
-781,0.934423
-780,0.93534
-779,0.936257
-778,0.937174
-777,0.938091
-776,0.939008
-775,0.939925
-774,0.940842
-773,0.941759
-772,0.942676
-771,0.943593
-770,0.94451
-769,0.945427
-768,0.946344
-767,0.947261
-766,0.948178
-765,0.949095
-764,0.950012
-763,0.950929
-762,0.951846
-761,0.952763
-760,0.95368
-759,0.954597
-758,0.955514
-757,0.956431
-756,0.957348
-755,0.958265
-754,0.959182
-753,0.960099
-752,0.961016
-751,0.961933
-750,0.96285
-749,0.963767
-748,0.964684
-747,0.965601
-746,0.966518
-745,0.967435
-744,0.968352
-743,0.969269
-742,0.970186
-741,0.971103
-740,0.97202
-739,0.972937
-738,0.973854
-737,0.974771
-736,0.975688
-735,0.976605
-734,0.977522
-733,0.978439
-732,0.979356
-731,0.980273
-730,0.98119
-729,0.982107
-728,0.983024
-727,0.983941
-726,0.984858
-725,0.985775
-724,0.986692
-723,0.987609
-722,0.988526
-721,0.989443
-720,0.99036
-719,0.991277
-718,0.992194
-717,0.993111
-716,0.994028
-715,0.994945
-714,0.995862
-713,0.996779
-712,0.997696
-711,0.998613
-710,0.99953
-709,1.000447
-708,1.001364
-707,1.002281
-706,1.003198
-705,1.004115
-704,1.005032
-703,1.005949
-702,1.006866
-701,1.007783
-700,1.0087
-699,1.009617
-698,1.010534
-697,1.011451
-696,1.012368
-695,1.013285
-694,1.014202
-693,1.015119
-692,1.016036
-691,1.016953
-690,1.01787
-689,1.018787
-688,1.019704
-687,1.020621
-686,1.021538
-685,1.022455
-684,1.023372
-683,1.024289
-682,1.025206
-681,1.026123
-680,1.02704
-679,1.027957
-678,1.028874
-677,1.029791
-676,1.030708
-675,1.031625
-674,1.032542
-673,1.033459
-672,1.034376
-671,1.035293
-670,1.03621
-669,1.037127
-668,1.038044
-667,1.038961
-666,1.039878
-665,1.040795
-664,1.041712
-663,1.042629
-662,1.043546
-661,1.044463
-660,1.04538
-659,1.046297
-658,1.047214
-657,1.048131
-656,1.049048
-655,1.049965
-654,1.050882
-653,1.051799
-652,1.052716
-651,1.053633
-650,1.05455
-649,1.055467
-648,1.056384
-647,1.057301
-646,1.058218
-645,1.059135
-644,1.060052
-643,1.060969
-642,1.061886
-641,1.062803
-640,1.06372
-639,1.064637
-638,1.065554
-637,1.066471
-636,1.067388
-635,1.068305
-634,1.069222
-633,1.070139
-632,1.071056
-631,1.071973
-630,1.07289
-629,1.073807
-628,1.074724
-627,1.075641
-626,1.076558
-625,1.077475
-624,1.078392
-623,1.079309
-622,1.080226
-621,1.081143
-620,1.08206
-619,1.082977
-618,1.083894
-617,1.084811
-616,1.085728
-615,1.086645
-614,1.087562
-613,1.088479
-612,1.089396
-611,1.090313
-610,1.09123
-609,1.092147
-608,1.093064
-607,1.093981
-606,1.094898
-605,1.095815
-604,1.096732
-603,1.097649
-602,1.098566
-601,1.099483
-600,1.1004
-599,1.101317
-598,1.102234
-597,1.103151
-596,1.104068
-595,1.104985
-594,1.105902
-593,1.106819
-592,1.107736
-591,1.108653
-590,1.10957
-589,1.110487
-588,1.111404
-587,1.112321
-586,1.113238
-585,1.114155
-584,1.115072
-583,1.115989
-582,1.116906
-581,1.117823
-580,1.11874
-579,1.119657
-578,1.120574
-577,1.121491
-576,1.122408
-575,1.123325
-574,1.124242
-573,1.125159
-572,1.126076
-571,1.126993
-570,1.12791
-569,1.128827
-568,1.129744
-567,1.130661
-566,1.131578
-565,1.132495
-564,1.133412
-563,1.134329
-562,1.135246
-561,1.136163
-560,1.13708
-559,1.137997
-558,1.138914
-557,1.139831
-556,1.140748
-555,1.141665
-554,1.142582
-553,1.143499
-552,1.144416
-551,1.145333
-550,1.14625
-549,1.147167
-548,1.148084
-547,1.149001
-546,1.149918
-545,1.150835
-544,1.151752
-543,1.152669
-542,1.153586
-541,1.154503
-540,1.15542
-539,1.156337
-538,1.157254
-537,1.158171
-536,1.159088
-535,1.160005
-534,1.160922
-533,1.161839
-532,1.162756
-531,1.163673
-530,1.16459
-529,1.165507
-528,1.166424
-527,1.167341
-526,1.168258
-525,1.169175
-524,1.170092
-523,1.171009
-522,1.171926
-521,1.172843
-520,1.17376
-519,1.174677
-518,1.175594
-517,1.176511
-516,1.177428
-515,1.178345
-514,1.179262
-513,1.180179
-512,1.181096
-511,1.182013
-510,1.18293
-509,1.183847
-508,1.184764
-507,1.185681
-506,1.186598
-505,1.187515
-504,1.188432
-503,1.189349
-502,1.190266
-501,1.191183
-500,1.1921
-499,1.193017
-498,1.193934
-497,1.194851
-496,1.195768
-495,1.196685
-494,1.197602
-493,1.198519
-492,1.199436
-491,1.200353
-490,1.20127
-489,1.202187
-488,1.203104
-487,1.204021
-486,1.204938
-485,1.205855
-484,1.206772
-483,1.207689
-482,1.208606
-481,1.209523
-480,1.21044
-479,1.211357
-478,1.212274
-477,1.213191
-476,1.214108
-475,1.215025
-474,1.215942
-473,1.216859
-472,1.217776
-471,1.218693
-470,1.21961
-469,1.220527
-468,1.221444
-467,1.222361
-466,1.223278
-465,1.224195
-464,1.225112
-463,1.226029
-462,1.226946
-461,1.227863
-460,1.22878
-459,1.229697
-458,1.230614
-457,1.231531
-456,1.232448
-455,1.233365
-454,1.234282
-453,1.235199
-452,1.236116
-451,1.237033
-450,1.23795
-449,1.238867
-448,1.239784
-447,1.240701
-446,1.241618
-445,1.242535
-444,1.243452
-443,1.244369
-442,1.245286
-441,1.246203
-440,1.24712
-439,1.248037
-438,1.248954
-437,1.249871
-436,1.250788
-435,1.251705
-434,1.252622
-433,1.253539
-432,1.254456
-431,1.255373
-430,1.25629
-429,1.257207
-428,1.258124
-427,1.259041
-426,1.259958
-425,1.260875
-424,1.261792
-423,1.262709
-422,1.263626
-421,1.264543
-420,1.26546
-419,1.266377
-418,1.267294
-417,1.268211
-416,1.269128
-415,1.270045
-414,1.270962
-413,1.271879
-412,1.272796
-411,1.273713
-410,1.27463
-409,1.275547
-408,1.276464
-407,1.277381
-406,1.278298
-405,1.279215
-404,1.280132
-403,1.281049
-402,1.281966
-401,1.282883
-400,1.2838
-399,1.284717
-398,1.285634
-397,1.286551
-396,1.287468
-395,1.288385
-394,1.289302
-393,1.290219
-392,1.291136
-391,1.292053
-390,1.29297
-389,1.293887
-388,1.294804
-387,1.295721
-386,1.296638
-385,1.297555
-384,1.298472
-383,1.299389
-382,1.300306
-381,1.301223
-380,1.30214
-379,1.303057
-378,1.303974
-377,1.304891
-376,1.305808
-375,1.306725
-374,1.307642
-373,1.308559
-372,1.309476
-371,1.310393
-370,1.31131
-369,1.312227
-368,1.313144
-367,1.314061
-366,1.314978
-365,1.315895
-364,1.316812
-363,1.317729
-362,1.318646
-361,1.319563
-360,1.32048
-359,1.321397
-358,1.322314
-357,1.323231
-356,1.324148
-355,1.325065
-354,1.325982
-353,1.326899
-352,1.327816
-351,1.328733
-350,1.32965
-349,1.330567
-348,1.331484
-347,1.332401
-346,1.333318
-345,1.334235
-344,1.335152
-343,1.336069
-342,1.336986
-341,1.337903
-340,1.33882
-339,1.339737
-338,1.340654
-337,1.341571
-336,1.342488
-335,1.343405
-334,1.344322
-333,1.345239
-332,1.346156
-331,1.347073
-330,1.34799
-329,1.348907
-328,1.349824
-327,1.350741
-326,1.351658
-325,1.352575
-324,1.353492
-323,1.354409
-322,1.355326
-321,1.356243
-320,1.35716
-319,1.358077
-318,1.358994
-317,1.359911
-316,1.360828
-315,1.361745
-314,1.362662
-313,1.363579
-312,1.364496
-311,1.365413
-310,1.36633
-309,1.367247
-308,1.368164
-307,1.369081
-306,1.369998
-305,1.370915
-304,1.371832
-303,1.372749
-302,1.373666
-301,1.374583
-300,1.3755
-299,1.376417
-298,1.377334
-297,1.378251
-296,1.379168
-295,1.380085
-294,1.381002
-293,1.381919
-292,1.382836
-291,1.383753
-290,1.38467
-289,1.385587
-288,1.386504
-287,1.387421
-286,1.388338
-285,1.389255
-284,1.390172
-283,1.391089
-282,1.392006
-281,1.392923
-280,1.39384
-279,1.394757
-278,1.395674
-277,1.396591
-276,1.397508
-275,1.398425
-274,1.399342
-273,1.400259
-272,1.401176
-271,1.402093
-270,1.40301
-269,1.403927
-268,1.404844
-267,1.405761
-266,1.406678
-265,1.407595
-264,1.408512
-263,1.409429
-262,1.410346
-261,1.411263
-260,1.41218
-259,1.413097
-258,1.414014
-257,1.414931
-256,1.415848
-255,1.416765
-254,1.417682
-253,1.418599
-252,1.419516
-251,1.420433
-250,1.42135
-249,1.422267
-248,1.423184
-247,1.424101
-246,1.425018
-245,1.425935
-244,1.426852
-243,1.427769
-242,1.428686
-241,1.429603
-240,1.43052
-239,1.431437
-238,1.432354
-237,1.433271
-236,1.434188
-235,1.435105
-234,1.436022
-233,1.436939
-232,1.437856
-231,1.438773
-230,1.43969
-229,1.440607
-228,1.441524
-227,1.442441
-226,1.443358
-225,1.444275
-224,1.445192
-223,1.446109
-222,1.447026
-221,1.447943
-220,1.44886
-219,1.449777
-218,1.450694
-217,1.451611
-216,1.452528
-215,1.453445
-214,1.454362
-213,1.455279
-212,1.456196
-211,1.457113
-210,1.45803
-209,1.458947
-208,1.459864
-207,1.460781
-206,1.461698
-205,1.462615
-204,1.463532
-203,1.464449
-202,1.465366
-201,1.466283
-200,1.4672
-199,1.468117
-198,1.469034
-197,1.469951
-196,1.470868
-195,1.471785
-194,1.472702
-193,1.473619
-192,1.474536
-191,1.475453
-190,1.47637
-189,1.477287
-188,1.478204
-187,1.479121
-186,1.480038
-185,1.480955
-184,1.481872
-183,1.482789
-182,1.483706
-181,1.484623
-180,1.48554
-179,1.486457
-178,1.487374
-177,1.488291
-176,1.489208
-175,1.490125
-174,1.491042
-173,1.491959
-172,1.492876
-171,1.493793
-170,1.49471
-169,1.495627
-168,1.496544
-167,1.497461
-166,1.498378
-165,1.499295
-164,1.500212
-163,1.501129
-162,1.502046
-161,1.502963
-160,1.50388
-159,1.504797
-158,1.505714
-157,1.506631
-156,1.507548
-155,1.508465
-154,1.509382
-153,1.510299
-152,1.511216
-151,1.512133
-150,1.51305
-149,1.513967
-148,1.514884
-147,1.515801
-146,1.516718
-145,1.517635
-144,1.518552
-143,1.519469
-142,1.520386
-141,1.521303
-140,1.52222
-139,1.523137
-138,1.524054
-137,1.524971
-136,1.525888
-135,1.526805
-134,1.527722
-133,1.528639
-132,1.529556
-131,1.530473
-130,1.53139
-129,1.532307
-128,1.533224
-127,1.534141
-126,1.535058
-125,1.535975
-124,1.536892
-123,1.537809
-122,1.538726
-121,1.539643
-120,1.54056
-119,1.541477
-118,1.542394
-117,1.543311
-116,1.544228
-115,1.545145
-114,1.546062
-113,1.546979
-112,1.547896
-111,1.548813
-110,1.54973
-109,1.550647
-108,1.551564
-107,1.552481
-106,1.553398
-105,1.554315
-104,1.555232
-103,1.556149
-102,1.557066
-101,1.557983
-100,1.5589
-99,1.559817
-98,1.560734
-97,1.561651
-96,1.562568
-95,1.563485
-94,1.564402
-93,1.565319
-92,1.566236
-91,1.567153
-90,1.56807
-89,1.568987
-88,1.569904
-87,1.570821
-86,1.571738
-85,1.572655
-84,1.573572
-83,1.574489
-82,1.575406
-81,1.576323
-80,1.57724
-79,1.578157
-78,1.579074
-77,1.579991
-76,1.580908
-75,1.581825
-74,1.582742
-73,1.583659
-72,1.584576
-71,1.585493
-70,1.58641
-69,1.587327
-68,1.588244
-67,1.589161
-66,1.590078
-65,1.590995
-64,1.591912
-63,1.592829
-62,1.593746
-61,1.594663
-60,1.59558
-59,1.596497
-58,1.597414
-57,1.598331
-56,1.599248
-55,1.600165
-54,1.601082
-53,1.601999
-52,1.602916
-51,1.603833
-50,1.60475
-49,1.605667
-48,1.606584
-47,1.607501
-46,1.608418
-45,1.609335
-44,1.610252
-43,1.611169
-42,1.612086
-41,1.613003
-40,1.61392
-39,1.614837
-38,1.615754
-37,1.616671
-36,1.617588
-35,1.618505
-34,1.619422
-33,1.620339
-32,1.621256
-31,1.622173
-30,1.62309
-29,1.624007
-28,1.624924
-27,1.625841
-26,1.626758
-25,1.627675
-24,1.628592
-23,1.629509
-22,1.630426
-21,1.631343
-20,1.63226
-19,1.633177
-18,1.634094
-17,1.635011
-16,1.635928
-15,1.636845
-14,1.637762
-13,1.638679
-12,1.639596
-11,1.640513
-10,1.64143
-9,1.642347
-8,1.643264
-7,1.644181
-6,1.645098
-5,1.646015
-4,1.646932
-3,1.647849
-2,1.648766
-1,1.649683
0,1.6506
1,1.651517
2,1.652434
3,1.653351
4,1.654268
5,1.655185
6,1.656102
7,1.657019
8,1.657936
9,1.658853
10,1.65977
11,1.660687
12,1.661604
13,1.662521
14,1.663438
15,1.664355
16,1.665272
17,1.666189
18,1.667106
19,1.668023
20,1.66894
21,1.669857
22,1.670774
23,1.671691
24,1.672608
25,1.673525
26,1.674442
27,1.675359
28,1.676276
29,1.677193
30,1.67811
31,1.679027
32,1.679944
33,1.680861
34,1.681778
35,1.682695
36,1.683612
37,1.684529
38,1.685446
39,1.686363
40,1.68728
41,1.688197
42,1.689114
43,1.690031
44,1.690948
45,1.691865
46,1.692782
47,1.693699
48,1.694616
49,1.695533
50,1.69645
51,1.697367
52,1.698284
53,1.699201
54,1.700118
55,1.701035
56,1.701952
57,1.702869
58,1.703786
59,1.704703
60,1.70562
61,1.706537
62,1.707454
63,1.708371
64,1.709288
65,1.710205
66,1.711122
67,1.712039
68,1.712956
69,1.713873
70,1.71479
71,1.715707
72,1.716624
73,1.717541
74,1.718458
75,1.719375
76,1.720292
77,1.721209
78,1.722126
79,1.723043
80,1.72396
81,1.724877
82,1.725794
83,1.726711
84,1.727628
85,1.728545
86,1.729462
87,1.730379
88,1.731296
89,1.732213
90,1.73313
91,1.734047
92,1.734964
93,1.735881
94,1.736798
95,1.737715
96,1.738632
97,1.739549
98,1.740466
99,1.741383
100,1.7423
101,1.743217
102,1.744134
103,1.745051
104,1.745968
105,1.746885
106,1.747802
107,1.748719
108,1.749636
109,1.750553
110,1.75147
111,1.752387
112,1.753304
113,1.754221
114,1.755138
115,1.756055
116,1.756972
117,1.757889
118,1.758806
119,1.759723
120,1.76064
121,1.761557
122,1.762474
123,1.763391
124,1.764308
125,1.765225
126,1.766142
127,1.767059
128,1.767976
129,1.768893
130,1.76981
131,1.770727
132,1.771644
133,1.772561
134,1.773478
135,1.774395
136,1.775312
137,1.776229
138,1.777146
139,1.778063
140,1.77898
141,1.779897
142,1.780814
143,1.781731
144,1.782648
145,1.783565
146,1.784482
147,1.785399
148,1.786316
149,1.787233
150,1.78815
151,1.789067
152,1.789984
153,1.790901
154,1.791818
155,1.792735
156,1.793652
157,1.794569
158,1.795486
159,1.796403
160,1.79732
161,1.798237
162,1.799154
163,1.800071
164,1.800988
165,1.801905
166,1.802822
167,1.803739
168,1.804656
169,1.805573
170,1.80649
171,1.807407
172,1.808324
173,1.809241
174,1.810158
175,1.811075
176,1.811992
177,1.812909
178,1.813826
179,1.814743
180,1.81566
181,1.816577
182,1.817494
183,1.818411
184,1.819328
185,1.820245
186,1.821162
187,1.822079
188,1.822996
189,1.823913
190,1.82483
191,1.825747
192,1.826664
193,1.827581
194,1.828498
195,1.829415
196,1.830332
197,1.831249
198,1.832166
199,1.833083
200,1.834
201,1.834917
202,1.835834
203,1.836751
204,1.837668
205,1.838585
206,1.839502
207,1.840419
208,1.841336
209,1.842253
210,1.84317
211,1.844087
212,1.845004
213,1.845921
214,1.846838
215,1.847755
216,1.848672
217,1.849589
218,1.850506
219,1.851423
220,1.85234
221,1.853257
222,1.854174
223,1.855091
224,1.856008
225,1.856925
226,1.857842
227,1.858759
228,1.859676
229,1.860593
230,1.86151
231,1.862427
232,1.863344
233,1.864261
234,1.865178
235,1.866095
236,1.867012
237,1.867929
238,1.868846
239,1.869763
240,1.87068
241,1.871597
242,1.872514
243,1.873431
244,1.874348
245,1.875265
246,1.876182
247,1.877099
248,1.878016
249,1.878933
250,1.87985
251,1.880767
252,1.881684
253,1.882601
254,1.883518
255,1.884435
256,1.885352
257,1.886269
258,1.887186
259,1.888103
260,1.88902
261,1.889937
262,1.890854
263,1.891771
264,1.892688
265,1.893605
266,1.894522
267,1.895439
268,1.896356
269,1.897273
270,1.89819
271,1.899107
272,1.900024
273,1.900941
274,1.901858
275,1.902775
276,1.903692
277,1.904609
278,1.905526
279,1.906443
280,1.90736
281,1.908277
282,1.909194
283,1.910111
284,1.911028
285,1.911945
286,1.912862
287,1.913779
288,1.914696
289,1.915613
290,1.91653
291,1.917447
292,1.918364
293,1.919281
294,1.920198
295,1.921115
296,1.922032
297,1.922949
298,1.923866
299,1.924783
300,1.9257
301,1.926617
302,1.927534
303,1.928451
304,1.929368
305,1.930285
306,1.931202
307,1.932119
308,1.933036
309,1.933953
310,1.93487
311,1.935787
312,1.936704
313,1.937621
314,1.938538
315,1.939455
316,1.940372
317,1.941289
318,1.942206
319,1.943123
320,1.94404
321,1.944957
322,1.945874
323,1.946791
324,1.947708
325,1.948625
326,1.949542
327,1.950459
328,1.951376
329,1.952293
330,1.95321
331,1.954127
332,1.955044
333,1.955961
334,1.956878
335,1.957795
336,1.958712
337,1.959629
338,1.960546
339,1.961463
340,1.96238
341,1.963297
342,1.964214
343,1.965131
344,1.966048
345,1.966965
346,1.967882
347,1.968799
348,1.969716
349,1.970633
350,1.97155
351,1.972467
352,1.973384
353,1.974301
354,1.975218
355,1.976135
356,1.977052
357,1.977969
358,1.978886
359,1.979803
360,1.98072
361,1.981637
362,1.982554
363,1.983471
364,1.984388
365,1.985305
366,1.986222
367,1.987139
368,1.988056
369,1.988973
370,1.98989
371,1.990807
372,1.991724
373,1.992641
374,1.993558
375,1.994475
376,1.995392
377,1.996309
378,1.997226
379,1.998143
380,1.99906
381,1.999977
382,2.000894
383,2.001811
384,2.002728
385,2.003645
386,2.004562
387,2.005479
388,2.006396
389,2.007313
390,2.00823
391,2.009147
392,2.010064
393,2.010981
394,2.011898
395,2.012815
396,2.013732
397,2.014649
398,2.015566
399,2.016483
400,2.0174
401,2.018317
402,2.019234
403,2.020151
404,2.021068
405,2.021985
406,2.022902
407,2.023819
408,2.024736
409,2.025653
410,2.02657
411,2.027487
412,2.028404
413,2.029321
414,2.030238
415,2.031155
416,2.032072
417,2.032989
418,2.033906
419,2.034823
420,2.03574
421,2.036657
422,2.037574
423,2.038491
424,2.039408
425,2.040325
426,2.041242
427,2.042159
428,2.043076
429,2.043993
430,2.04491
431,2.045827
432,2.046744
433,2.047661
434,2.048578
435,2.049495
436,2.050412
437,2.051329
438,2.052246
439,2.053163
440,2.05408
441,2.054997
442,2.055914
443,2.056831
444,2.057748
445,2.058665
446,2.059582
447,2.060499
448,2.061416
449,2.062333
450,2.06325
451,2.064167
452,2.065084
453,2.066001
454,2.066918
455,2.067835
456,2.068752
457,2.069669
458,2.070586
459,2.071503
460,2.07242
461,2.073337
462,2.074254
463,2.075171
464,2.076088
465,2.077005
466,2.077922
467,2.078839
468,2.079756
469,2.080673
470,2.08159
471,2.082507
472,2.083424
473,2.084341
474,2.085258
475,2.086175
476,2.087092
477,2.088009
478,2.088926
479,2.089843
480,2.09076
481,2.091677
482,2.092594
483,2.093511
484,2.094428
485,2.095345
486,2.096262
487,2.097179
488,2.098096
489,2.099013
490,2.09993
491,2.100847
492,2.101764
493,2.102681
494,2.103598
495,2.104515
496,2.105432
497,2.106349
498,2.107266
499,2.108183
500,2.1091
501,2.110017
502,2.110934
503,2.111851
504,2.112768
505,2.113685
506,2.114602
507,2.115519
508,2.116436
509,2.117353
510,2.11827
511,2.119187
512,2.120104
513,2.121021
514,2.121938
515,2.122855
516,2.123772
517,2.124689
518,2.125606
519,2.126523
520,2.12744
521,2.128357
522,2.129274
523,2.130191
524,2.131108
525,2.132025
526,2.132942
527,2.133859
528,2.134776
529,2.135693
530,2.13661
531,2.137527
532,2.138444
533,2.139361
534,2.140278
535,2.141195
536,2.142112
537,2.143029
538,2.143946
539,2.144863
540,2.14578
541,2.146697
542,2.147614
543,2.148531
544,2.149448
545,2.150365
546,2.151282
547,2.152199
548,2.153116
549,2.154033
550,2.15495
551,2.155867
552,2.156784
553,2.157701
554,2.158618
555,2.159535
556,2.160452
557,2.161369
558,2.162286
559,2.163203
560,2.16412
561,2.165037
562,2.165954
563,2.166871
564,2.167788
565,2.168705
566,2.169622
567,2.170539
568,2.171456
569,2.172373
570,2.17329
571,2.174207
572,2.175124
573,2.176041
574,2.176958
575,2.177875
576,2.178792
577,2.179709
578,2.180626
579,2.181543
580,2.18246
581,2.183377
582,2.184294
583,2.185211
584,2.186128
585,2.187045
586,2.187962
587,2.188879
588,2.189796
589,2.190713
590,2.19163
591,2.192547
592,2.193464
593,2.194381
594,2.195298
595,2.196215
596,2.197132
597,2.198049
598,2.198966
599,2.199883
600,2.2008
601,2.201717
602,2.202634
603,2.203551
604,2.204468
605,2.205385
606,2.206302
607,2.207219
608,2.208136
609,2.209053
610,2.20997
611,2.210887
612,2.211804
613,2.212721
614,2.213638
615,2.214555
616,2.215472
617,2.216389
618,2.217306
619,2.218223
620,2.21914
621,2.220057
622,2.220974
623,2.221891
624,2.222808
625,2.223725
626,2.224642
627,2.225559
628,2.226476
629,2.227393
630,2.22831
631,2.229227
632,2.230144
633,2.231061
634,2.231978
635,2.232895
636,2.233812
637,2.234729
638,2.235646
639,2.236563
640,2.23748
641,2.238397
642,2.239314
643,2.240231
644,2.241148
645,2.242065
646,2.242982
647,2.243899
648,2.244816
649,2.245733
650,2.24665
651,2.247567
652,2.248484
653,2.249401
654,2.250318
655,2.251235
656,2.252152
657,2.253069
658,2.253986
659,2.254903
660,2.25582
661,2.256737
662,2.257654
663,2.258571
664,2.259488
665,2.260405
666,2.261322
667,2.262239
668,2.263156
669,2.264073
670,2.26499
671,2.265907
672,2.266824
673,2.267741
674,2.268658
675,2.269575
676,2.270492
677,2.271409
678,2.272326
679,2.273243
680,2.27416
681,2.275077
682,2.275994
683,2.276911
684,2.277828
685,2.278745
686,2.279662
687,2.280579
688,2.281496
689,2.282413
690,2.28333
691,2.284247
692,2.285164
693,2.286081
694,2.286998
695,2.287915
696,2.288832
697,2.289749
698,2.290666
699,2.291583
700,2.2925
701,2.293417
702,2.294334
703,2.295251
704,2.296168
705,2.297085
706,2.298002
707,2.298919
708,2.299836
709,2.300753
710,2.30167
711,2.302587
712,2.303504
713,2.304421
714,2.305338
715,2.306255
716,2.307172
717,2.308089
718,2.309006
719,2.309923
720,2.31084
721,2.311757
722,2.312674
723,2.313591
724,2.314508
725,2.315425
726,2.316342
727,2.317259
728,2.318176
729,2.319093
730,2.32001
731,2.320927
732,2.321844
733,2.322761
734,2.323678
735,2.324595
736,2.325512
737,2.326429
738,2.327346
739,2.328263
740,2.32918
741,2.330097
742,2.331014
743,2.331931
744,2.332848
745,2.333765
746,2.334682
747,2.335599
748,2.336516
749,2.337433
750,2.33835
751,2.339267
752,2.340184
753,2.341101
754,2.342018
755,2.342935
756,2.343852
757,2.344769
758,2.345686
759,2.346603
760,2.34752
761,2.348437
762,2.349354
763,2.350271
764,2.351188
765,2.352105
766,2.353022
767,2.353939
768,2.354856
769,2.355773
770,2.35669
771,2.357607
772,2.358524
773,2.359441
774,2.360358
775,2.361275
776,2.362192
777,2.363109
778,2.364026
779,2.364943
780,2.36586
781,2.366777
782,2.367694
783,2.368611
784,2.369528
785,2.370445
786,2.371362
787,2.372279
788,2.373196
789,2.374113
790,2.37503
791,2.375947
792,2.376864
793,2.377781
794,2.378698
795,2.379615
796,2.380532
797,2.381449
798,2.382366
799,2.383283
800,2.3842
801,2.385117
802,2.386034
803,2.386951
804,2.387868
805,2.388785
806,2.389702
807,2.390619
808,2.391536
809,2.392453
810,2.39337
811,2.394287
812,2.395204
813,2.396121
814,2.397038
815,2.397955
816,2.398872
817,2.399789
818,2.400706
819,2.401623
820,2.40254
821,2.403457
822,2.404374
823,2.405291
824,2.406208
825,2.407125
826,2.408042
827,2.408959
828,2.409876
829,2.410793
830,2.41171
831,2.412627
832,2.413544
833,2.414461
834,2.415378
835,2.416295
836,2.417212
837,2.418129
838,2.419046
839,2.419963
840,2.42088
841,2.421797
842,2.422714
843,2.423631
844,2.424548
845,2.425465
846,2.426382
847,2.427299
848,2.428216
849,2.429133
850,2.43005
851,2.430967
852,2.431884
853,2.432801
854,2.433718
855,2.434635
856,2.435552
857,2.436469
858,2.437386
859,2.438303
860,2.43922
861,2.440137
862,2.441054
863,2.441971
864,2.442888
865,2.443805
866,2.444722
867,2.445639
868,2.446556
869,2.447473
870,2.44839
871,2.449307
872,2.450224
873,2.451141
874,2.452058
875,2.452975
876,2.453892
877,2.454809
878,2.455726
879,2.456643
880,2.45756
881,2.458477
882,2.459394
883,2.460311
884,2.461228
885,2.462145
886,2.463062
887,2.463979
888,2.464896
889,2.465813
890,2.46673
891,2.467647
892,2.468564
893,2.469481
894,2.470398
895,2.471315
896,2.472232
897,2.473149
898,2.474066
899,2.474983
900,2.4759
901,2.476817
902,2.477734
903,2.478651
904,2.479568
905,2.480485
906,2.481402
907,2.482319
908,2.483236
909,2.484153
910,2.48507
911,2.485987
912,2.486904
913,2.487821
914,2.488738
915,2.489655
916,2.490572
917,2.491489
918,2.492406
919,2.493323
920,2.49424
921,2.495157
922,2.496074
923,2.496991
924,2.497908
925,2.498825
926,2.499742
927,2.500659
928,2.501576
929,2.502493
930,2.50341
931,2.504327
932,2.505244
933,2.506161
934,2.507078
935,2.507995
936,2.508912
937,2.509829
938,2.510746
939,2.511663
940,2.51258
941,2.513497
942,2.514414
943,2.515331
944,2.516248
945,2.517165
946,2.518082
947,2.518999
948,2.519916
949,2.520833
950,2.52175
951,2.522667
952,2.523584
953,2.524501
954,2.525418
955,2.526335
956,2.527252
957,2.528169
958,2.529086
959,2.530003
960,2.53092
961,2.531837
962,2.532754
963,2.533671
964,2.534588
965,2.535505
966,2.536422
967,2.537339
968,2.538256
969,2.539173
970,2.54009
971,2.541007
972,2.541924
973,2.542841
974,2.543758
975,2.544675
976,2.545592
977,2.546509
978,2.547426
979,2.548343
980,2.54926
981,2.550177
982,2.551094
983,2.552011
984,2.552928
985,2.553845
986,2.554762
987,2.555679
988,2.556596
989,2.557513
990,2.55843
991,2.559347
992,2.560264
993,2.561181
994,2.562098
995,2.563015
996,2.563932
997,2.564849
998,2.565766
999,2.566683
1000,2.5676
1001,2.568517
1002,2.569434
1003,2.570351
1004,2.571268
1005,2.572185
1006,2.573102
1007,2.574019
1008,2.574936
1009,2.575853
1010,2.57677
1011,2.577687
1012,2.578604
1013,2.579521
1014,2.580438
1015,2.581355
1016,2.582272
1017,2.583189
1018,2.584106
1019,2.585023
1020,2.58594
1021,2.586857
1022,2.587774
1023,2.588691
1024,2.589608
1025,2.590525
1026,2.591442
1027,2.592359
1028,2.593276
1029,2.594193
1030,2.59511
1031,2.596027
1032,2.596944
1033,2.597861
1034,2.598778
1035,2.599695
1036,2.600612
1037,2.601529
1038,2.602446
1039,2.603363
1040,2.60428
1041,2.605197
1042,2.606114
1043,2.607031
1044,2.607948
1045,2.608865
1046,2.609782
1047,2.610699
1048,2.611616
1049,2.612533
1050,2.61345
1051,2.614367
1052,2.615284
1053,2.616201
1054,2.617118
1055,2.618035
1056,2.618952
1057,2.619869
1058,2.620786
1059,2.621703
1060,2.62262
1061,2.623537
1062,2.624454
1063,2.625371
1064,2.626288
1065,2.627205
1066,2.628122
1067,2.629039
1068,2.629956
1069,2.630873
1070,2.63179
1071,2.632707
1072,2.633624
1073,2.634541
1074,2.635458
1075,2.636375
1076,2.637292
1077,2.638209
1078,2.639126
1079,2.640043
1080,2.64096
1081,2.641877
1082,2.642794
1083,2.643711
1084,2.644628
1085,2.645545
1086,2.646462
1087,2.647379
1088,2.648296
1089,2.649213
1090,2.65013
1091,2.651047
1092,2.651964
1093,2.652881
1094,2.653798
1095,2.654715
1096,2.655632
1097,2.656549
1098,2.657466
1099,2.658383
1100,2.6593
1101,2.660217
1102,2.661134
1103,2.662051
1104,2.662968
1105,2.663885
1106,2.664802
1107,2.665719
1108,2.666636
1109,2.667553
1110,2.66847
1111,2.669387
1112,2.670304
1113,2.671221
1114,2.672138
1115,2.673055
1116,2.673972
1117,2.674889
1118,2.675806
1119,2.676723
1120,2.67764
1121,2.678557
1122,2.679474
1123,2.680391
1124,2.681308
1125,2.682225
1126,2.683142
1127,2.684059
1128,2.684976
1129,2.685893
1130,2.68681
1131,2.687727
1132,2.688644
1133,2.689561
1134,2.690478
1135,2.691395
1136,2.692312
1137,2.693229
1138,2.694146
1139,2.695063
1140,2.69598
1141,2.696897
1142,2.697814
1143,2.698731
1144,2.699648
1145,2.700565
1146,2.701482
1147,2.702399
1148,2.703316
1149,2.704233
1150,2.70515
1151,2.706067
1152,2.706984
1153,2.707901
1154,2.708818
1155,2.709735
1156,2.710652
1157,2.711569
1158,2.712486
1159,2.713403
1160,2.71432
1161,2.715237
1162,2.716154
1163,2.717071
1164,2.717988
1165,2.718905
1166,2.719822
1167,2.720739
1168,2.721656
1169,2.722573
1170,2.72349
1171,2.724407
1172,2.725324
1173,2.726241
1174,2.727158
1175,2.728075
1176,2.728992
1177,2.729909
1178,2.730826
1179,2.731743
1180,2.73266
1181,2.733577
1182,2.734494
1183,2.735411
1184,2.736328
1185,2.737245
1186,2.738162
1187,2.739079
1188,2.739996
1189,2.740913
1190,2.74183
1191,2.742747
1192,2.743664
1193,2.744581
1194,2.745498
1195,2.746415
1196,2.747332
1197,2.748249
1198,2.749166
1199,2.750083
1200,2.751
1201,2.751917
1202,2.752834
1203,2.753751
1204,2.754668
1205,2.755585
1206,2.756502
1207,2.757419
1208,2.758336
1209,2.759253
1210,2.76017
1211,2.761087
1212,2.762004
1213,2.762921
1214,2.763838
1215,2.764755
1216,2.765672
1217,2.766589
1218,2.767506
1219,2.768423
1220,2.76934
1221,2.770257
1222,2.771174
1223,2.772091
1224,2.773008
1225,2.773925
1226,2.774842
1227,2.775759
1228,2.776676
1229,2.777593
1230,2.77851
1231,2.779427
1232,2.780344
1233,2.781261
1234,2.782178
1235,2.783095
1236,2.784012
1237,2.784929
1238,2.785846
1239,2.786763
1240,2.78768
1241,2.788597
1242,2.789514
1243,2.790431
1244,2.791348
1245,2.792265
1246,2.793182
1247,2.794099
1248,2.795016
1249,2.795933
1250,2.79685
1251,2.797767
1252,2.798684
1253,2.799601
1254,2.800518
1255,2.801435
1256,2.802352
1257,2.803269
1258,2.804186
1259,2.805103
1260,2.80602
1261,2.806937
1262,2.807854
1263,2.808771
1264,2.809688
1265,2.810605
1266,2.811522
1267,2.812439
1268,2.813356
1269,2.814273
1270,2.81519
1271,2.816107
1272,2.817024
1273,2.817941
1274,2.818858
1275,2.819775
1276,2.820692
1277,2.821609
1278,2.822526
1279,2.823443
1280,2.82436
1281,2.825277
1282,2.826194
1283,2.827111
1284,2.828028
1285,2.828945
1286,2.829862
1287,2.830779
1288,2.831696
1289,2.832613
1290,2.83353
1291,2.834447
1292,2.835364
1293,2.836281
1294,2.837198
1295,2.838115
1296,2.839032
1297,2.839949
1298,2.840866
1299,2.841783
1300,2.8427
1301,2.843617
1302,2.844534
1303,2.845451
1304,2.846368
1305,2.847285
1306,2.848202
1307,2.849119
1308,2.850036
1309,2.850953
1310,2.85187
1311,2.852787
1312,2.853704
1313,2.854621
1314,2.855538
1315,2.856455
1316,2.857372
1317,2.858289
1318,2.859206
1319,2.860123
1320,2.86104
1321,2.861957
1322,2.862874
1323,2.863791
1324,2.864708
1325,2.865625
1326,2.866542
1327,2.867459
1328,2.868376
1329,2.869293
1330,2.87021
1331,2.871127
1332,2.872044
1333,2.872961
1334,2.873878
1335,2.874795
1336,2.875712
1337,2.876629
1338,2.877546
1339,2.878463
1340,2.87938
1341,2.880297
1342,2.881214
1343,2.882131
1344,2.883048
1345,2.883965
1346,2.884882
1347,2.885799
1348,2.886716
1349,2.887633
1350,2.88855
1351,2.889467
1352,2.890384
1353,2.891301
1354,2.892218
1355,2.893135
1356,2.894052
1357,2.894969
1358,2.895886
1359,2.896803
1360,2.89772
1361,2.898637
1362,2.899554
1363,2.900471
1364,2.901388
1365,2.902305
1366,2.903222
1367,2.904139
1368,2.905056
1369,2.905973
1370,2.90689
1371,2.907807
1372,2.908724
1373,2.909641
1374,2.910558
1375,2.911475
1376,2.912392
1377,2.913309
1378,2.914226
1379,2.915143
1380,2.91606
1381,2.916977
1382,2.917894
1383,2.918811
1384,2.919728
1385,2.920645
1386,2.921562
1387,2.922479
1388,2.923396
1389,2.924313
1390,2.92523
1391,2.926147
1392,2.927064
1393,2.927981
1394,2.928898
1395,2.929815
1396,2.930732
1397,2.931649
1398,2.932566
1399,2.933483
1400,2.9344
1401,2.935317
1402,2.936234
1403,2.937151
1404,2.938068
1405,2.938985
1406,2.939902
1407,2.940819
1408,2.941736
1409,2.942653
1410,2.94357
1411,2.944487
1412,2.945404
1413,2.946321
1414,2.947238
1415,2.948155
1416,2.949072
1417,2.949989
1418,2.950906
1419,2.951823
1420,2.95274
1421,2.953657
1422,2.954574
1423,2.955491
1424,2.956408
1425,2.957325
1426,2.958242
1427,2.959159
1428,2.960076
1429,2.960993
1430,2.96191
1431,2.962827
1432,2.963744
1433,2.964661
1434,2.965578
1435,2.966495
1436,2.967412
1437,2.968329
1438,2.969246
1439,2.970163
1440,2.97108
1441,2.971997
1442,2.972914
1443,2.973831
1444,2.974748
1445,2.975665
1446,2.976582
1447,2.977499
1448,2.978416
1449,2.979333
1450,2.98025
1451,2.981167
1452,2.982084
1453,2.983001
1454,2.983918
1455,2.984835
1456,2.985752
1457,2.986669
1458,2.987586
1459,2.988503
1460,2.98942
1461,2.990337
1462,2.991254
1463,2.992171
1464,2.993088
1465,2.994005
1466,2.994922
1467,2.995839
1468,2.996756
1469,2.997673
1470,2.99859
1471,2.999507
1472,3.000424
1473,3.001341
1474,3.002258
1475,3.003175
1476,3.004092
1477,3.005009
1478,3.005926
1479,3.006843
1480,3.00776
1481,3.008677
1482,3.009594
1483,3.010511
1484,3.011428
1485,3.012345
1486,3.013262
1487,3.014179
1488,3.015096
1489,3.016013
1490,3.01693
1491,3.017847
1492,3.018764
1493,3.019681
1494,3.020598
1495,3.021515
1496,3.022432
1497,3.023349
1498,3.024266
1499,3.025183
1500,3.0261
1501,3.027017
1502,3.027934
1503,3.028851
1504,3.029768
1505,3.030685
1506,3.031602
1507,3.032519
1508,3.033436
1509,3.034353
1510,3.03527
1511,3.036187
1512,3.037104
1513,3.038021
1514,3.038938
1515,3.039855
1516,3.040772
1517,3.041689
1518,3.042606
1519,3.043523
1520,3.04444
1521,3.045357
1522,3.046274
1523,3.047191
1524,3.048108
1525,3.049025
1526,3.049942
1527,3.050859
1528,3.051776
1529,3.052693
1530,3.05361
1531,3.054527
1532,3.055444
1533,3.056361
1534,3.057278
1535,3.058195
1536,3.059112
1537,3.060029
1538,3.060946
1539,3.061863
1540,3.06278
1541,3.063697
1542,3.064614
1543,3.065531
1544,3.066448
1545,3.067365
1546,3.068282
1547,3.069199
1548,3.070116
1549,3.071033
1550,3.07195
1551,3.072867
1552,3.073784
1553,3.074701
1554,3.075618
1555,3.076535
1556,3.077452
1557,3.078369
1558,3.079286
1559,3.080203
1560,3.08112
1561,3.082037
1562,3.082954
1563,3.083871
1564,3.084788
1565,3.085705
1566,3.086622
1567,3.087539
1568,3.088456
1569,3.089373
1570,3.09029
1571,3.091207
1572,3.092124
1573,3.093041
1574,3.093958
1575,3.094875
1576,3.095792
1577,3.096709
1578,3.097626
1579,3.098543
1580,3.09946
1581,3.100377
1582,3.101294
1583,3.102211
1584,3.103128
1585,3.104045
1586,3.104962
1587,3.105879
1588,3.106796
1589,3.107713
1590,3.10863
1591,3.109547
1592,3.110464
1593,3.111381
1594,3.112298
1595,3.113215
1596,3.114132
1597,3.115049
1598,3.115966
1599,3.116883
1600,3.1178
1601,3.118717
1602,3.119634
1603,3.120551
1604,3.121468
1605,3.122385
1606,3.123302
1607,3.124219
1608,3.125136
1609,3.126053
1610,3.12697
1611,3.127887
1612,3.128804
1613,3.129721
1614,3.130638
1615,3.131555
1616,3.132472
1617,3.133389
1618,3.134306
1619,3.135223
1620,3.13614
1621,3.137057
1622,3.137974
1623,3.138891
1624,3.139808
1625,3.140725
1626,3.141642
1627,3.142559
1628,3.143476
1629,3.144393
1630,3.14531
1631,3.146227
1632,3.147144
1633,3.148061
1634,3.148978
1635,3.149895
1636,3.150812
1637,3.151729
1638,3.152646
1639,3.153563
1640,3.15448
1641,3.155397
1642,3.156314
1643,3.157231
1644,3.158148
1645,3.159065
1646,3.159982
1647,3.160899
1648,3.161816
1649,3.162733
1650,3.16365
1651,3.164567
1652,3.165484
1653,3.166401
1654,3.167318
1655,3.168235
1656,3.169152
1657,3.170069
1658,3.170986
1659,3.171903
1660,3.17282
1661,3.173737
1662,3.174654
1663,3.175571
1664,3.176488
1665,3.177405
1666,3.178322
1667,3.179239
1668,3.180156
1669,3.181073
1670,3.18199
1671,3.182907
1672,3.183824
1673,3.184741
1674,3.185658
1675,3.186575
1676,3.187492
1677,3.188409
1678,3.189326
1679,3.190243
1680,3.19116
1681,3.192077
1682,3.192994
1683,3.193911
1684,3.194828
1685,3.195745
1686,3.196662
1687,3.197579
1688,3.198496
1689,3.199413
1690,3.20033
1691,3.201247
1692,3.202164
1693,3.203081
1694,3.203998
1695,3.204915
1696,3.205832
1697,3.206749
1698,3.207666
1699,3.208583
1700,3.2095
1701,3.210417
1702,3.211334
1703,3.212251
1704,3.213168
1705,3.214085
1706,3.215002
1707,3.215919
1708,3.216836
1709,3.217753
1710,3.21867
1711,3.219587
1712,3.220504
1713,3.221421
1714,3.222338
1715,3.223255
1716,3.224172
1717,3.225089
1718,3.226006
1719,3.226923
1720,3.22784
1721,3.228757
1722,3.229674
1723,3.230591
1724,3.231508
1725,3.232425
1726,3.233342
1727,3.234259
1728,3.235176
1729,3.236093
1730,3.23701
1731,3.237927
1732,3.238844
1733,3.239761
1734,3.240678
1735,3.241595
1736,3.242512
1737,3.243429
1738,3.244346
1739,3.245263
1740,3.24618
1741,3.247097
1742,3.248014
1743,3.248931
1744,3.249848
1745,3.250765
1746,3.251682
1747,3.252599
1748,3.253516
1749,3.254433
1750,3.25535
1751,3.256267
1752,3.257184
1753,3.258101
1754,3.259018
1755,3.259935
1756,3.260852
1757,3.261769
1758,3.262686
1759,3.263603
1760,3.26452
1761,3.265437
1762,3.266354
1763,3.267271
1764,3.268188
1765,3.269105
1766,3.270022
1767,3.270939
1768,3.271856
1769,3.272773
1770,3.27369
1771,3.274607
1772,3.275524
1773,3.276441
1774,3.277358
1775,3.278275
1776,3.279192
1777,3.280109
1778,3.281026
1779,3.281943
1780,3.28286
1781,3.283777
1782,3.284694
1783,3.285611
1784,3.286528
1785,3.287445
1786,3.288362
1787,3.289279
1788,3.290196
1789,3.291113
1790,3.29203
1791,3.292947
1792,3.293864
1793,3.294781
1794,3.295698
1795,3.296615
1796,3.297532
1797,3.298449
1798,3.299366
1799,3.300283
